time
984
641
535
318
728
1021
865
703
827
325
608
384
925
128
1019
1035
1028
1051
229
316
723
632
402
692
307
1042
816
1017
664
660
169
359
790
609
704
468
300
325
269
338
229
1002
576
237
118
138
103
748
114
905
191
422
751
1056
648
308
552
454
942
765
605
226
182
971
804
277
642
958
121
1064
705
660
732
694
802
520
840
271
326
445
989
152
1079
396
654
434
453
937
756
580
1037
190
192
576
552
107
159
583
768
269
207
415
874
888
241
313
766
619
404
375
783
357
192
193
640
600
970
752
996
901
614
542
524
528
237
1058
1066
483
997
656
935
381
953
287
918
789
720
201
658
786
537
863
145
538
116
189
276
261
977
399
154
531
192
302
398
272
236
482
478
180
1077
697
1055
128
351
145
417
1039
524
882
591
132
331
540
631
720
810
267
900
509
324
923
1008
841
104
622
715
964
509
1001
950
284
818
270
999
833
362
292
513
318
100
726
1052
597
593
416
713
514
152
283
1038
991
443
332
246
337
614
762
1014
104
301
892
380
502
369
755
1094
888
697
347
1056
1043
800
168
732
634
782
1073
130
977
937
826
1094
526
600
397
187
650
1008
540
632
354
616
917
619
355
111
563
970
463
1039
869
419
795
838
1043
291
122
777
840
744
632
279
872
893
881
898
203
581
194
641
281
889
674
653
546
198
1048
410
123
385
845
991
176
237
478
299
878
686
755
487
442
778
686
1080
195
900
160
528
521
643
436
980
524
681
737
986
549
775
1026
618
969
927
279
195
300
751
106
215
1025
697
332
309
207
161
1009
1009
815
631
728
293
447
455
520
651
504
328
926
441
789
553
430
387
408
986
355
1056
107
287
202
464
729
1020
470
244
590
777
481
826
314
609
615
271
963
766
1095
389
1010
763
297
558
828
617
377
692
446
1053
577
143
448
447
786
916
900
234
294
535
1088
822
356
414
430
229
699
449
592
372
1058
1100
1041
598
921
446
1070
196
846
491
917
638
197
1100
498
406
399
353
756
551
146
517
358
273
1017
353
187
900
348
919
195
256
819
467
631
625
124
817
338
365
1031
800
918